1          0       0
2       -855    -475
3       -535      90
4         65      25
5        -35      -5
6       -315     -85
7       -855    -430
8       -355     340
9       -300     515
10      -230     470
11       725     -40
12       340     -80
13       585    -460
14       650    -655
15       -35      20
16      -155    -290
17      -735       5
18      -465     -25
19      -370     215
20      -320    -295
21      -580    -195
22      -360     -75
23      -400    -245
24       -45     -35
25        95     -80
26       335    -415
27       440    -345
28       370    -260
29      -220    -480
30      -470    -410
